1782219145076 0.724720686674118 0
1782219177589 0.735586553812027 10
1782219209958 0.7503255307674408 20
1782219242173 0.7630703747272491 30
1782219274645 0.7763190567493439 40
1782219307013 0.7893621027469635 50
1782219339895 0.8041785955429077 60
1782219372165 0.8179450333118439 70
1782219404739 0.8324978947639465 80
1782219437339 0.8440940082073212 90
1782219469588 0.8579652309417725 100
1782219502202 0.8707963526248932 110
1782219534620 0.885150134563446 120
1782219567240 0.9023607969284058 130
1782219599516 0.9189180433750153 140
1782219631783 0.9373097717761993 150
1782219665225 0.9571056067943573 160
1782219700365 0.9774626195430756 170
1782219734872 0.9964832961559296 180
1782219769329 1.0147537589073181 190
1782219803826 1.033065676689148 200
1782219839127 1.0560076832771301 210
1782219874196 1.0775549411773682 220
1782219908157 1.09818834066391 230
1782219940845 1.1184451580047607 240
1782219973116 1.1382583975791931 250
1782220005722 1.1556227207183838 260
1782220038310 1.172781527042389 270
1782220070536 1.1925014853477478 280
1782220102792 1.211777925491333 290
1782220135236 1.2304986715316772 300
1782220168173 1.247991144657135 310
1782220200405 1.2675386667251587 320
1782220232664 1.2881733179092407 330
1782220265040 1.30427747964859 340
1782220297730 1.3229597210884094 350
1782220330518 1.3400934338569641 360
1782220362807 1.3598284125328064 370
1782220395670 1.37708979845047 380
1782220428039 1.3977591395378113 390
1782220460335 1.4153300523757935 400
1782220492907 1.4340611696243286 410
1782220525438 1.452808141708374 420
1782220557706 1.4682525992393494 430
1782220590196 1.4836943745613098 440
1782220623014 1.5006857514381409 450
1782220655596 1.516477346420288 460
1782220687836 1.5303956866264343 470
1782220720083 1.5496277213096619 480
1782220752606 1.5667980313301086 490
