1782219145076 1.3425134420394897 0
1782219177589 1.2847291231155396 10
1782219209958 1.2437005043029785 20
1782219242173 1.2121526002883911 30
1782219274645 1.1877856254577637 40
1782219307013 1.1642482280731201 50
1782219339895 1.141632080078125 60
1782219372165 1.1230486631393433 70
1782219404739 1.1060025691986084 80
1782219437339 1.088419795036316 90
1782219469588 1.0715748071670532 100
1782219502202 1.0552929639816284 110
1782219534620 1.0387828350067139 120
1782219567240 1.0230985879898071 130
1782219599516 1.00857675075531 140
1782219631783 0.9946253895759583 150
1782219665225 0.9808940887451172 160
1782219700365 0.9677585363388062 170
1782219734872 0.95443195104599 180
1782219769329 0.9423289895057678 190
1782219803826 0.9301583766937256 200
1782219839127 0.9187219738960266 210
1782219874196 0.9072957038879395 220
1782219908157 0.8963243961334229 230
1782219940845 0.88580721616745 240
1782219973116 0.8758025765419006 250
1782220005722 0.8659222722053528 260
1782220038310 0.8567517399787903 270
1782220070536 0.847457230091095 280
1782220102792 0.8384020328521729 290
1782220135236 0.8297514915466309 300
1782220168173 0.8215433955192566 310
1782220200405 0.8132054209709167 320
1782220232664 0.8054924011230469 330
1782220265040 0.7979270815849304 340
1782220297730 0.7904664874076843 350
1782220330518 0.7832335829734802 360
1782220362807 0.7762500643730164 370
1782220395670 0.769274115562439 380
1782220428039 0.7623382210731506 390
1782220460335 0.755875289440155 400
1782220492907 0.7495178580284119 410
1782220525438 0.7434665560722351 420
1782220557706 0.7372764945030212 430
1782220590196 0.7314016222953796 440
1782220623014 0.7255635857582092 450
1782220655596 0.7199271321296692 460
1782220687836 0.7144417762756348 470
1782220720083 0.7090641260147095 480
1782220752606 0.7037193775177002 490
