1782219145076 92699.5703125 0
1782219177589 90168.3828125 10
1782219209958 87539.9609375 20
1782219242173 85204.9296875 30
1782219274645 83136.7734375 40
1782219307013 81184.734375 50
1782219339895 79405.0078125 60
1782219372165 77619.390625 70
1782219404739 75976.296875 80
1782219437339 74420.6875 90
1782219469588 72890.125 100
1782219502202 71430.734375 110
1782219534620 70019.3828125 120
1782219567240 68729.140625 130
1782219599516 67515.7109375 140
1782219631783 66342.65625 150
1782219665225 65214.8359375 160
1782219700365 64106.89453125 170
1782219734872 63044.15625 180
1782219769329 62030.26953125 190
1782219803826 61098.1875 200
1782219839127 60173.08984375 210
1782219874196 59275.2109375 220
1782219908157 58407.46484375 230
1782219940845 57594.984375 240
1782219973116 56788.3203125 250
1782220005722 56017.0078125 260
1782220038310 55255.76171875 270
1782220070536 54526.68359375 280
1782220102792 53821.65234375 290
1782220135236 53113.10546875 300
1782220168173 52509.18359375 310
1782220200405 51873.16015625 320
1782220232664 51273.328125 330
1782220265040 50677.21484375 340
1782220297730 50090.3125 350
1782220330518 49533.21875 360
1782220362807 49020.87890625 370
1782220395670 48495.52734375 380
1782220428039 48002.87109375 390
1782220460335 47503.36328125 400
1782220492907 47005.578125 410
1782220525438 46550.73828125 420
1782220557706 46093.578125 430
1782220590196 45646.35546875 440
1782220623014 45211.12890625 450
1782220655596 44776.7890625 460
1782220687836 44347.25390625 470
1782220720083 43954.78125 480
1782220752606 43575.8671875 490
